		0                    0           
		1                    0           
		2                    0           
		3                    0           
		4                    10          
		5                    10          
		6                    20          
		7                    20          
		8                    30          
		9                    30          
		10                    40          
		11                    40          
		12                    50          
		13                    60          
		14                    60          
		15                    60          
		16                    70          
		17                    70          
		18                    80          
		19                    80          
		20                    90          