	         0                      0             
	         1                     0.01           
	         2                     0.05           
	         3                     0.19           
	         4                     0.53           
	         5                     1.01           
	         6                     1.85           
	         7                     2.23           
	         8                     5.0            
	         9                     5.28           
	        10                     6.11           
	        11                    12.58           
	        12                    23.05           
	        13                    23.65           
	        14                    22.22           
	        15                     23.4           
	        16                    24.97           
	        17                    28.09           
	        18                    30.64           
	        19                    32.17           
	        20                    33.26           